999357577
-219752612
-47597126
631108382
459900502
945408572
2109473187
1198047028
-1395400951
1924358485
-697231354
-602206398
2019488876
-134375033
-1446794564
1653394551
-1346447358
1768726119
-1457071788
601536689
552592949
492290497
1772087922
-1565142941
-325082670
1601194732
167837543
-297069493
1013918534
970132176
708578229
-1050786453
1205970462
-1028703177
1405460984
104189364
-1952297920
116323821
396533629
1884959002
-1997862060
1181199603
-659216626
1433417005
-440644339
547282364
40617830
-1240222446
1023924156
-1295577382
878647854
-2009722838
-435817905
1927481616
-1252041730
-1340677403
-385387291
1265477436
-725636930
-1677255344
1624375939
804949239
363324987
1274734426
-316785925
1787406232
-614457039
1045696447
538323054
1249285083
97040601
-1851491385
-677167908
-1292923998
432557223
81586312
-38705358
1835479497
-1922044295
-547398089
-2069844696
-900927707
-333791179
2059618623
499417227
-1166125415
-1119613926
1142227528
2123863676
-1298108480
1226105476
2103187643
831654343
1278323681
-1616143106
-1757562887
-1633926958
-1929912510
904434662
-1015107330
1165838194
-927923449
905744673
-617743584
-438482901
-655683626
-1850681776
-1607644090
-976235259
-1128940573
-1625254865
2146763496
1991562061
-687843189
-1441956789
-359621743
603314
-206623908
-476231906
892542951
-1351901211
-286173736
-1275226814
1171572834
-1261685053
-1779876810
1908147121
-766957661
-1439222863
-2063036701
-332324409
-981606721
833190513
-2070047203
-1105083093
607493189
1839801694
-247274019
-1255347784
149479534
-519765377
-646322113
400100893
-1723752240
-38580010
-1459778855
809849986
-92860938
-1036943727
-652508439
-1666561833
-1754690812
-1249852061
1521142546
1953726032
1876585825
-1492966240
119741608
2141724739
920326019
-1908328911
-163806709
-800437460
1281253102
728788645
-811303201
1770799630
-1593651747
279720073
-1544605732
-194439630
-1222810279
1235070469
-456405319
-1320857056
-1237480336
2055322029
794809961
-873627015
-1057698644
-858939887
1632680057
1782271534
15831193
-2051649833
-1309951014
1713185852
1462981117
1838417872
163207293
504445048
1718882573
-1330353766
706913071
462223993
123821839
-1270699277
-1629133697
1629518721
-1174380380
-271448102
-927719618
908040557
1877797890
281559989
1485257654
2101029458
-254193850
-190604507
-991123252
-1148190371
663892747
873589330
873381299
-374235895
-916340978
1273982002
-167656799
-1398529462
-629047854
-299287097
1248917303
-1005691603
909536006
-1202103423
1657967436
942678640
-1414475558
1375401192
-2064971061
273548428
2068154487
657337228
1251810433
97604680
-1697334194
-436372584
-676077969
2071993228
-866527051
-631002664
2138334179
165976831
-1593402357
362579924
-614262549
90066852
-510925599
1428702434
1312262473
-1682465740
1109136806
2145762980
-1807411396
-1588080585
980692677
2040101466
-1730722660
-1169314298
-2144363468
-834599524
1274078387
149371702
-560297467
-1738348662
1709607771
618793931
1452015360
-444227112
-505448917
1015545776
1627330242
2127152956
-1839822816
1483097076
464737924
2107438913
812385209
1391058259
-936174438
-978455095
442749392
-2023266783
899457975
1323738809
2006716043
409073134
-1492653156
1039399254
1887521625
-1926484046
-1269979934
-1711538164
-1572129703
-1334617766
-1286316013
-754147112
973393032
1890904169
-305179312
552597979
546042804
855273746
405460413
1092427843
-87274307
1650939984
-405780529
-1822098181
86919334
-1437701105
-1612496354
-524925620
1632780968
661332347
-1654229048
1070837739
-2130174746
-1692212786
-445788743
-1851586184
-612986905
-692947551
-1511836442
1968236071
698624197
575613323
-1142471576
191654058
-675839242
1320585097
-50288878
-972810761
222844289
1423930703
1717733488
-1093172228
-2145085239
1957517245
1678170702
1747323616
-778412836
-993213697
1466473310
516963061
-873752011
-1620734764
1448681360
1923124308
130131457
-336731692
-1205024243
1436966696
1235289270
-2125083197
-694003434
-1443008128
-569941107
-301106353
-1629197776
644365172
-524723557
1223557693
-635881733
-1511253021
-1708976446
1311884585
-1833656940
-1687285536
-871540459
31972968
-87272846
1578525679
-885859535
443944613
-1022206565
-2051456952
-1667747720
-1688698891
13344633
-414204657
1975413433
-1987515689
-863263340
1060125385
-2067519629
260894120
-1354933624
362091310
1299828188
-1640763866
-2073646073
-375623619
1809574152
-1697776607
-1702393021
1012948051
-420948756
-1067420240
894135536
-1926375537
1961646822
-1923148462
-1474875778
602431586
-630493013
321909464
-1551265453
949619819
188060207
1474516533
949485285
101252590
129457226
1704573292
1848946384
1836828108
1076833462
628535358
1116886840
-895890586
-1937312378
1638998431
-1878841207
-450254253
1994151168
1328449667
-1231872293
428198134
1933199605
-1748763891
-1710631084
-809264140
-137295400
-896608700
-821871504
2116110277
133039858
-693082538
-1587809317
142313513
431627549
-244067125
-1392820360
-2140379067
-82958153
409870064
1103599349
-1457536113
-272135793
2099342476
-1909242571
-563462974
-1373328457
-1971504131
-519067469
-682542386
-360566773
-285544629
2134643867
-995224160
2041528389
366524387
1395038954
-119959172
-928274465
-1907519728
1726027799
1853406396
-1528414776
-1551025814
-2042970880
943925975
1726534403
-884776764
-266008933
-404338986
-276311150
214952113
-320773950
-1837650288
747197493
-1010568750
1479202414
-1935525788
-1935761595
1528610391
1917028407
-569301383
90680708
-1950415971
-736276076
1095363702
1037387972
1136941008
-484708885
-1324930554
-1996576874
469970949
-1810847295
-847565074
-2144075010
-1955111623
-2100031183
-835596734
-922989736
-1701489361
-700871550
-1962284560
-1944119648
1467395679
576358403
1830651843
-1961104913
1818828262
2066412882
697490551
-1166284431
-1681924517
-1277814690
1020814938
717962889
1427774978
-1478010471
1893743695
751911084
340555049
-1930062189
177980953
1597827316
-554365658
252728887
1424295654
-276759139
-2138018199
-270934190
89321398
-1399433489
-463230636
74935566
-1215318992
-1680106844
793967138
-1332030910
-1908556829
-644617577
-595620639
-978656757
951530696
-1374555452
-12700016
1933971431
-477438301
-491607480
1427976651
-1308238121
-1464634831
1701804003
-526552280
-114774331
882208493
-538365454
1053515370
1064742722
2129066320
-1336579019
-734781815
653458610
2096818813
-656811182
1752640307
-791072793
989289239
-1396191130
-624805968
1941381095
1486876794
1002415173
52577216
-2069014068
376050326
1519363246
-50306417
1104879639
-592083376
1781653957
-1128341905
1307375944
-790117973
-1458777659
1135750934
1080665471
-195508437
-986201618
-153579074
743764488
-2000384200
464587962
2020529788
1638963529
-1151246177
1594377337
-1319025408
-602861227
1051648103
-1255454840
-1467366261
-600508822
1064788559
-1955339917
1047213685
-1734573358
-1074357885
1169183049
1611729805
1495853641
-2069226242
1789014827
984279902
-398071738
1703788174
991466774
1640914316
-853391985
250762888
225974313
-1442789563
1335852856
724217009
1015329088
-1334408578
-415485578
-847792508
891531054
-1053527654
-715468141
1789284724
431511705
512590457
-2048981507
2107072793
857946989
-1684935824
156312019
-1653412201
-810623709
-969356772
-1569190618
-758201809
421073866
669847331
571936719
-895963602
479448153
372957392
-2115208104
952729794
-1588746893
1140848131
-491432312
-1948209590
2103811079
229300816
-853297641
-271968289
77044418
213144638
-1050377603
-1153950306
1734609466
1770474721
318323496
541942600
794440075
-1787275300
16866410
706602230
473634381
-480631726
1922032523
-1825654886
-719126949
-1059646869
665594259
681906119
1914658187
-320284805
375199015
-369438809
2026977297
1854879765
1182206475
-766696303
-632070065
152508826
1870317857
-234896770
-766573629
-113127256
572074752
-323569867
1956710267
1654018811
655399748
-1616310045
1333537166
-1797138069
-169954556
-1678443007
-1145173888
902188936
1471834791
-1702769256
-150363120
-1314943136
-685011416
-230257671
1792417660
1290120358
321591353
-125682739
-1876148433
903086190
1668385882
-1915791240
963565804
-1507821392
1217553724
-658146104
2081346853
1988021745
-1189561879
487597720
-448869046
1842351293
1913538826
-1666707819
-1487903702
-633108100
1166865883
1146022413
-1144348573
-1946934204
-199047239
-1137662557
485681953
1998376867
-2083153277
-414829050
-155518807
-422142140
661242563
-1967096124
-673645153
476213314
1170430551
-950408099
-1179888610
987967490
1375487984
1224994964
662709064
1690349456
-1606065523
391068172
-1856090503
-1041186890
661304498
1126652438
-1470948300
1865154533
-1398218733
-1489682310
-1678298769
109263551
2006735094
-1973725610
-594256627
518413567
-2057558656
743365239
504231104
-1195743759
1592061184
404213448
1407551487
-1026110475
384627353
-1929384416
-1923379406
1380300765
1747788424
-874050015
557110029
512778450
-106646451
149496700
424248104
-985931397
-2105802689
-1989408918
411052691
-1172436532
-1844166841
-621433961
-1336042616
-1571472432
-335242539
368161356
587423029
853503232
425149766
62334336
-2140414765
1354860388
-1118274094
-661538815
671924447
1906448386
-661231763
348090162
504662490
-986678507
-1416401235
-76498246
-1664635936
1983356674
-1465479343
-741491222
632152570
-1661672841
-1059078854
-975055504
-1616115760
-1415265672
435123651
-1183519486
1068512256
-1848092266
-22659015
1021887449
1380908726
1603685914
403739186
1563218345
726304444
-2006308185
-136106424
-1101754425
1895809524
1662101165
-913023263
-548242398
561563906
2030333969
-956471263
-1101242862
1354079303
489340156
-1058990382
-1885186160
-696182543
-1571539705
-1445902314
-1547576879
1262005940
1502815117
-364707506
-799805504
2136458186
829321644
-297076130
335622436
2063428236
-278788671
-35107086
246145559
1643359199
-627483437
1540899878
-1502878387
-993230505
-2117390767
177700071
-808437027
1582430156
-1549430019
2100449899
-398134515
1422770566
986596052
2119588995
931954617
1854819545
1675724448
776858441
-1352892671
162798456
-840556314
-1087877489
540706145
-1151675028
354564839
1117165781
1613941503
174306349
1503188865
1285809881
174540897
1165640109
633784032
-1639835336
1918884058
-520888198
1833264041
1867285693
2124459909
-1924327820
-1569426235
1318124267
-1268928629
-209395919
1756605828
-2135383206
81123195
359738113
1538250132
-1869091994
-625858816
-626379405
432338790
812741391
1859187867
1299925560
1912067085
-1024469755
-931857232
-375465840
-256828986
-105298127
490287783
-2079561533
1238198741
-1991844902
16202868
1552322396
-646302454
827830640
-307509435
-688004529
-594891072
-374133142
-1776476841
547474373
-1718323265
-234487373
1941681276
-1846784642
1139339854
784787864
-1301482841
203612613
-1811874564
-955543815
2122337935
-554810325
1236214049
1722331405
1156815778
-1243674871
-929063712
419128668
67553404
-726281229
1929291299
-1507567067
234100130
1407809463
-1319399032
1438912096
1827020947
1000918391
-1781665822
1049772788
1001244036
1351214488
1446917341
991806589
724002247
1574423538
-1702798999
-1655234758
-427105888
-2024949122
-1250210868
1333967519
-626622449
-1054477011
-1015932800
-334310348
0
