-1457071788
999357577
-1997862060
459900502
-547398089
631108382
-1395400951
1653394551
1924358485
-219752612
-47597126
2019488876
2109473187
-134375033
-1565142941
945408572
1772087922
492290497
1768726119
-697231354
970132176
708578229
601536689
1181199603
552592949
1013918534
1601194732
167837543
-1598789621
-631559155
-1028703177
-1446794564
-325082670
-119959172
-297069493
1482462538
-1240222446
1205970462
-1295577382
396533629
607493189
1884959002
104189364
1171572834
1493462823
-1050786453
1405460984
116323821
-2009722838
-1252041730
-435817905
-440644339
547282364
538323054
-1434047781
804949239
1927481616
-1340677403
40617830
-1292923998
-1187512789
-1625254865
1303369757
-1851491385
-725636930
97040601
-1677255344
-1616143106
-1346447358
2123863676
1624375939
-1593402357
-659216626
809849986
1249285083
2146763496
1274734426
1375487984
878647854
-1850681776
-1922044295
-38705358
-1015107330
2059618623
-2070047203
1433417005
45180380
1265477436
-1633926958
-1128940573
-1929912510
-333791179
1991562061
1045696447
81586312
1165838194
-1754690812
-1036943727
-1298108480
363324987
1320585097
-332324409
-438482901
-1757562887
400100893
396447408
1908147121
-900927707
-2069844696
-1308238121
-476231906
-927923449
905744673
480478307
-1935761595
892542951
1835479497
1717733488
-617743584
-1459778855
-1351901211
-456405319
-270934190
-2021481914
-1275226814
706913071
-614457039
-163806709
1521142546
-1105083093
1023924156
-655683626
-1330353766
-1222810279
603314
1887521625
-1174380380
-766957661
-1166125415
1953726032
-1119613926
-1723752240
149479534
279720073
-976235259
-1607644090
-1908328911
1080665471
-2063036701
-1441956789
163207293
-1629133697
1226105476
-677167908
-1144348573
-519765377
1235070469
-2064971061
897005781
-811303201
-1930062189
1718882573
-485487831
1770799630
1985185875
833190513
-1666561833
-1148190371
-505044752
873381299
-652508439
-981606721
-614262549
1632680057
119741608
908040557
-1255347784
1611729805
15831193
-873627015
920326019
942678640
794809961
-1237480336
-1856090503
663892747
1876585825
-800437460
-1273497461
1782271534
1281253102
-247274019
-2051649833
-374235895
-1946934204
-646322113
-1492653156
-866527051
2141724739
-286173736
-194439630
-1952297920
-1629197776
-1779876810
479667503
-692947551
1485257654
1278323681
1092427843
350703389
-1057698644
-1923148462
1428702434
499417227
-359621743
-38580010
-1492966240
1555674182
-1332030910
-92860938
1709607771
-834599524
1375401192
462223993
-1572129703
-631002664
-1202103423
-1309951014
2107438913
1838417872
-629047854
-2023266783
1109136806
-885859535
-336731692
-385387291
973393032
-858939887
1890904169
405460413
1626585085
-1738348662
123821839
-754147112
-1474875778
728788645
681906119
951530696
-560297467
-612986905
1661138832
2068154487
-927719618
-1463578534
-1967096124
1650939984
1273982002
-1544605732
-1169314298
1678170702
1274078387
1248917303
-1702393021
-694003434
1462981117
1627330242
-1093172228
-505448917
90066852
1789014827
1950442078
-167656799
2055322029
2071993228
1235289270
-676077969
-190604507
-1569494342
698624197
-1730722660
1448681360
-1907519728
-1571539705
-444227112
1010867509
1140848131
-1414475558
-254193850
1142227528
-863263340
-1909242571
-1620734764
-1822098181
931954617
-301106353
-1697776607
-835596734
464737924
899457975
1632780968
812385209
2041528389
-1398529462
776858441
222844289
2026977297
-1654229048
1957517245
-635881733
-734886582
661332347
1629518721
670240611
1994151168
-1748763891
-847565074
-271968289
-1926375537
-1833656940
-1878841207
1882277910
-1926484046
980692677
-871540459
-1319025408
1271515343
-916340978
546042804
1597827316
1012948051
-602206398
1578525679
1701804003
909536006
-1682465740
1975413433
1423930703
469970949
1328449667
1713185852
-1006592932
217013100
-285544629
-1826515984
1818828262
618793931
1961646822
421073866
2006716043
1483097076
1968236071
-50288878
-594891072
-299287097
-445788743
-1839822816
191654058
1933971431
-480631726
1391058259
-1687285536
214952113
1853406396
-458515647
2134643867
-1392820360
-1971504131
644365172
949485285
1128884281
-2069226242
-847792508
-1670506375
-704875956
1060125385
-87272846
-821871504
2136458186
1582430156
-1511836442
-272135793
1983356674
-2145085239
-1005691603
443944613
273548428
-1270699277
2127152956
-1439222863
1395038954
1452015360
-1399433489
97378986
1039399254
793967138
1941381095
1747323616
97604680
-1205024243
791948341
149371702
-1437701105
-895890586
-1231872293
-1955339917
1933199605
132786173
-1324930554
518413567
-630493013
2099342476
452419376
428198134
873589330
-1640763866
-1551265453
1500375828
-1961104913
-675839242
552597979
1998376867
-414204657
-1269979934
657337228
-2144363468
-870559233
-1612496354
81123195
-991123252
794440075
-936174438
-1937312378
575613323
-244067125
717962889
1923124308
1877797890
-1697334194
-693082538
424248104
-1022206565
1136941008
-405780529
-464227094
-1837650288
-276311150
-851019773
188060207
-1996576874
-627483437
2040101466
515510504
1064788559
1076833462
-1666707819
-884776764
1466473310
1002415173
1638998431
-114774331
-831756631
321909464
-993213697
-790117973
101252590
-538365454
-1398218733
439373620
375199015
55290367
-922989736
442749392
-1715442101
335622436
1436966696
-569941107
-756060115
-2144075010
-700871550
1223557693
-360566773
-2138018199
-682542386
-82958153
-87274307
31972968
-404338986
-412369920
403739186
2101029458
1878394854
2110740220
-563462974
-206623908
1787406232
-1692212786
-185018717
213144638
1037387972
-978656757
747197493
-1374555452
-299457956
-1443008128
-1684935824
-375623619
1487782032
-1195743759
1424295654
376050326
-595620639
-1653412201
-137295400
-626622449
-491432312
1123402821
-209395919
454648986
1312262473
431511705
1015545776
-2067519629
-1869520529
467483715
1913538826
946860655
-1851586184
-2042970880
516963061
1095363702
-1215318992
-644617577
1781653957
-1807411396
-1944278021
1080342762
-440339630
1015329088
-1702278
1638963529
949619819
1198047028
-1639835336
-853297641
-1458777659
-2132847881
366524387
1836828108
628535358
-1373328457
-2051456952
-972810761
1782433778
-519067469
1300244236
-524723557
-778412836
1690349456
257584666
-2140379067
857946989
-624805968
586197212
-853391985
-1478010471
-1151246177
-1667747720
-1712827885
2100449899
-1758860830
384627353
1854879765
-266008933
1323738809
-1445902314
-616071876
432751668
1427774978
-1588080585
751911084
-1145173888
989141746
-803610384
1471834791
-1702769256
-1571472432
1467395679
-658146104
1775368358
-271448102
2103811079
1726534403
1601688267
409073134
963565804
-450254253
-420948756
1789284724
1726027799
-1101242862
-422142140
-1950415971
-199047239
-212705733
466591077
953101622
90680708
-415485578
-1334408578
792201344
1917028407
-1587809317
-810623709
1552322396
-1734573358
1479202414
-926971827
-1844166841
-1776476841
252728887
-1010568750
1575494131
2107072793
-737365889
991466774
-1137662557
661242563
-1416401235
431627549
-305179312
-1987515689
-592083376
-1277814690
-524925620
-76498246
-1216248324
-895963602
-1074357885
16866410
576358403
-503626663
882208493
228936800
-1955111623
-1354019385
-1759928359
-1838569142
146132822
661304498
-1018718368
-1026110475
-554365658
902188936
572074752
1668385882
1519363246
-1797138069
-725390339
-696182543
-470872904
-929063712
-1935525788
-734781815
1809574152
-1528414776
-1261805046
-463230636
130401987
-950408099
1068512256
372957392
1016462233
-1929384416
541942600
1956710267
2006735094
2094974889
1563218345
321591353
74935566
162798456
-323569867
2020529788
1568444266
-1487903702
348090162
-1374159235
1464515966
-526552280
1126652438
959824838
-398071738
-2069014068
2122337935
394290060
485681953
743764488
-600508822
-1869091994
-155518807
281559989
-2125083197
-1720897864
607910504
156018555
1020814938
504445048
-1549430019
1333967519
-1051205943
-136106424
989289239
1988021745
-1283493203
-22354843
-398134515
90971412
907721983
-2057558656
504231104
-1179888610
-1024469755
1446917341
-1464649224
-807654563
229300816
891531054
-1688698891
950866435
487597720
1204511890
-1457536113
109263551
2116110277
-969356772
-1672257956
-234487373
-288906855
1170495932
-389820098
62334336
-766696303
-1304458864
-1243514675
943925975
-1059078854
-320773950
479448153
1374181428
724217009
602431586
557110029
512590457
-1588746893
-1547576879
-1627209108
-643576751
-890810109
-1470948300
-1881202911
-1007237213
-151990300
1833264041
169561607
401915098
1486876794
-1531545629
-692729068
2129066320
1351214488
1116886840
-1924089978
-1923379406
-1467366261
-1314943136
-281992186
1238198741
-2070879506
-448869046
2103187643
1524181669
-1489682310
-98496184
-931857232
-1908556829
1906448386
-113127256
-320284805
1640914316
2085773342
-160701647
662709064
553828913
-928274465
1922032523
-12700016
404213448
-424753697
952729794
-726281229
1629825272
-656811182
561563906
1941681276
197628461
-195508437
-688004529
-275592813
-1195434731
1848946384
-276759139
1839531799
-1388789390
1464934096
1694469138
382647119
563748257
-1205838683
-1984697014
1807116994
-1666338211
1722331405
1654018811
462561885
540706145
-153579074
665594259
1769921735
-2073629011
-1489194754
174306349
-96527782
1969964845
1386054408
-1442789563
1380300765
-1710631084
1307375944
-986201618
-1447423888
-151173712
-1057103077
669847331
-1067420240
177980953
1052926265
409870064
-1604856873
-722730396
359738113
-1810847295
987967490
1527747808
-50306417
-435892176
-677791764
1380908726
-1957139948
-719286539
149496700
89321398
587423029
-993230505
-105298127
-1393550681
1704573292
336458170
-1569426235
1064742722
-1933493443
-430351820
1047213685
-632070065
1422770566
-133115176
-2108693855
129457226
-926374507
-235721655
789773744
-1646913724
489340156
-230257671
-1431944645
-1054477011
706602230
-1883619133
386919208
-1290859389
2132851061
-1624459623
-1041186890
-1912243762
853503232
-1248253039
-925483221
-106646451
671924447
906986565
-2051052918
-1711092267
1815821559
1768438244
-690696690
-1306150914
-2090859872
-1502878387
-735936663
1467799162
-114174194
1165640109
-197006674
464587962
2061303838
-741491222
786533217
-489732743
-1423974734
-1512365362
135211836
143475528
-1962284560
-1991844902
-1101754425
-1678443007
-268676052
-1834521989
1053515370
1503188865
1333537166
1277621005
1770474721
-985931397
-521776511
165976831
253214903
-1984319819
-758201809
2122053869
529066911
743365239
828496108
-876607493
506662570
156513533
67927020
1318124267
1674634299
1717780639
53755730
1024708756
-766573629
-1825654886
-234896770
962409295
-643969895
-1973725610
-1118274094
341994926
855273746
-1601864194
411052691
203612613
1841044852
-1250210868
-1471054451
1926290262
-1365890495
1335852856
-1255454840
-1571122007
-168980749
2119588995
1614036901
191629899
571936719
22210928
-1316507119
1999166108
1166865883
-1385158665
-426783259
599343060
167042541
-1591874301
-484708885
-351164789
-342262483
-2084151106
-953812333
-60812298
-719836083
1354079303
-465634548
-1711538164
-1355575922
903086190
-2057360069
-1126080185
-26171329
0
