10333644429771748086102214072353968797
3960321497908429890364326281548895204
0
358319661342656694657440614382923181988506503971
1
295
10896366476775576542
17788635700154186783297211185869216267
17879768190467206406
18331739103563289849
1329
40897005658121747203608095451621698524
1137409282154148214904792123822016790225057504
17824608175705138090
209067995967899791153630206274290028696
263373448844812116349017417619137534102704
15820107739558318091
5
11331574086489893915831814072162559579
38575449904165311587475709366
1137402824920623335075587576856528622094023934
2
17531821712322898370809375234507157858
160675061552592262711778622627405804169
7229880859359698415497964675974708462
17698901602092245021116031793
1000
192317080210980366167508728475574703937
10409658328798172064
13027569977658050879
12299207574653328811
18905705743402588181093953930077878045
9873775771923539148735145012
10378114279071027230640256596
85078600051184729479627324871534523227
14336929055109278564
2860347929027581738506835525976598936
8928465390919535677863789706169725653
10832328324804809308
22278237854551114786573995719
10961647766196842735
201555200632310313152953745319071083363
4920173725873228249
4339294891081282951649991666930285112
296565372541666506546472729537544826957
16998777735071996616045929028420420801
17387074090283798104
50159747054
317895507553877867816882124820745662140
13397879971383713459
53493888223060856749519359839898314505
13098529066745705731
141663686987434271837203649367013189965
457899648322811521494643971768267745624550379200
6738134747221736675399570304330114497
5350593035584703
16403122058531018013209121687273933934
10050955470062689348
14071801524195968138918658603554480580
15189093651250372990857311767513579674
12966212954107336882
16275769268539185677464561139638212601
116397264768575246419203023967449032429
281306748215342651763093201416908863372
5589333266899206153481504303389941719
59412946547499074750701335054690783451
256133108543498891947222237729068321994
11906596905455580891
49431578819696473519257844151755714323
4
913829823081342657878709692435129438
14405616299583493125893680468934971304
32874503231473426906021937190219088064
11344270575906810250
18332562915095562022
1137338005274147133654506547535079303823753244
15194791159531683686985191594908303916
59073810149832221132143249483298129955
56115912793025259652753945673628593360
14418344050465813387
12196260352483402166
15274101255013451670
18220662122569731013
12732529030978849323719305307728756908
15811082745587351134
300133802958492462842073947638406787574
14417481772007097643666294037231059506
18133485510809475881
19646616535929558266563017123743480189
9
9130248010936267145705592209387310967
150331671374967175494671869858900642789
6917133412575014561575249789625132957
10998044002886282542027889307
12687907370960441389
11547084919289289361213045510
16354879018239231849322664437966572943
10558339147319085638
8061660644817946017537715028099698664
13218712901547761525
13618859070243041406
11024603891032887783072136648586841538
103191277588706929523115785912399451051
4663640937109506934570492268541525742
12437404113968793907
264601890572615566870083071893378364237
277272456729299154738989446871161147098922
39431624988887270064387950404
8534737787879585106392734532678653129
16241077690445498397447085387419495012
276190830680785399831116617526680814985
6368210749815911473784263936629133844
8333784502647805214679751724101331444
1341589741
263583602
21025797961355602806446589968952104648
14351080085812626135475123002670203390
8822536025148550734916038474134986507
3
8307057951027063457966960795231674362
322163976405196065361514141252452732814
4377202143556788291454189782568449757
43139333078148748118999115558744729623
17337485686994924312
10073439293963199350
11659725262202480015
11047033099489670042663215000
10126321897013223711
19226632926743931409133622172929123851252698891760947
1137397832365217576193676999252743549411643651
32817042590245200962426434002
380765946886606885164812901192761931055850
11739786620783893322
421730639638166331363736990331886540234460
20188646621184361372228349069528357093
11297563239487915365002638862098271236
12299550263845867333735421446750089377
15651023319315899660
15052841306591826942
6313762698429078170694310305501187980
16656057850200231554
16622528156937689740
18974529070348780140547956438396365042
311504745185971332383774429945706725576
26585094245224241434632730821
19138763063604828491156811055
14004865155279080356
15952314863016486754153104199354696162
7234255764918953077070604098983851841
3343236713317719743
12756730558418117522
15606488781031128496
16004749589006089648
3848662701081456417325094629400475334
32622781437341444198061127553
1137390087514682857682221184559388121718394479
17665477071290710353
4949466222252161131475237218625845693
200332888354221401560432856206758543606
21077672375141465898366545500842404680
15099154800627802826543545528
14023821627403619700
18045988440546769929
16830713244371440798624791887215509542
18430155936739354890291641863854256856
14314551913479295645
10910531656921571136969134683072166281
124747035749050839223008291697118441142
5666885795249184287708076668681558351
18291470629429059278
1498209499761710631847291782743499050
1886485033184458111
14363383554457898562804956799108600674
8151054072760164156116197879526347234
9836738898028851133460881593797807883
10050719714306114144
1137407455441172050079411950121367243460450460
15295393784166239994777447905
254473234119320358502992491478833673197
11000905794299483183
4720357498748167054
17373973221279340117
10770249911070075380
325092976724585608356182977392422704021
13093011187806129602
15704237962891164565579496565492722203
8549028106223396962645290311434434283
15988038931752720612
11647706052272520410357171042791141057
193130834266278475123522955681677891968
286310039418227448441994197278209679795
3219072612049775044698874016290898712
21294
19016762205503505609956421282884328975
14289904863759791653873765400766323797
279622293083581706751984467114897575834
19162704837969033541213580254020867274
248137527574315136270587928766724798506546070597
10452759883484753037634262930102179181
95422342386220913410464403336319127529
533706671251536710212602107557513578007437553239
1137339078634277264739854191206780200538023838
398280412476286344212195728389773855627055
20821087466645852390160070087174891032
1137412371701732417283977313119360688060009265
291812926627233581514958256902270130271
6249138076616525892369386344541902474
1137410935580287310976086504485611856714945222
1137339479432662620421032047250647880277710117
285987128455184813678170721375181254391285
5961901830827318480064378109
288494404879885021716675143258288763594
15411250510821998180876360738589224994
56852788425293833266932522818379779378
197143302927778311674796207853452150162
134174012776759402228926029995630854565
123368273714828918002391917061476532187
3497643272326306858947754322096787020
57086678357996167592720282353560321591
16100494997236583221
14890907596298924116643401386560932968
570397900059678908200577939489960111715434423690
275255543842441357354947995372395173721
4118455919911953895
52761855784230408636304589630904013633191569808
5646048882143258129680681914668990653259511571
8261005501093888078494227141932766431
249688374882972586348649252015473337544
15986764963400787791
17595540724092630031
15628032702870259207
10369543156487408686024668556
292226704869883288688629870069703181502454
16677952484183641497
194224962694858746696430005855945565076
224983328452830360600359388396646632122
101507258135038660263944063794869607831
1587
12825056932388648679
18650269542295511073205085522042454225
130683446587539367413988256376077105427
12191464550055090083
54671287673863769717691661991729856269613152686
18271638878393917994
20467855402777862780850981729016171035
20632148112368923929814167944586851596
11985239193168821221
15447108733691618562
321167854619883635355342940770322513549087
11908266555759528293
14678133583500714554
7679197495256449386267161538143235736
15751451412993544295
4216593370937363708101984632199692439
2623568083047048369536227238832619812
61017229640266188006152486233424184534
5070407859831222091310933170
18252774343888543536803352592520648399
14614847883248394014857024207376337734
304480141233375138437517413535229070524
18032473857824991839
10096986073178274845936604749855525566
4423248863815177334310135499036647903
1137339081063127892803450585927871063818185074
4096
11533329380011853364
16382097327349390026
6028017956439482592497693738731195411
9921621211940096584
1137339327442443099962808515861892846110106317
16787876563879769317
10971977398034573574
17353018845957067559
6648506264929350992431676270713133272
17810292031546823199
8889252751432415831830422187446961752
20804212015046690871164344715543102181
32950355095459442975455267910874504265
31645
174670109130444943936349093744872461712444339582
5649696745252581433839387786353260968
15917146822260640152
7742531644601424344711389730583579589
9799244786562842826
10534153759367725830
13850925576518801244
15874344535558884586681040000000915552
18289256490919126083372566581775999849
14653266315211111118396793552635637308
8019551796606072845
25849980302633002875852595716410785480
18112690191849898891940971056372974751
8929238433142563396
19021704464796371495608396250491407395996767
17240524547956265760508231013238209020
20160306424910261669916432401863263872
57009434673475356749532866845389561914735925277
17362350558441892657
17120356265962898467546290272527870629
1803029136709684958281475920216375224
17835842203487287267
290691826811187614631305422449525292418
25531
304799346800337233012833926226125692938
15982609135107801093776278414236816293
15894028410338683683
12041959881489912643
16396683460770395021643670698553791287
14133518466998177112252294453240415107
19417001318663606783681571843205291155
9654021514084051177
18069808469387717032
88297093596903533854738241600508458967
332390330385581873497499613232052308490
22452460272149109334484707607574028825
1448445427430533377257291647703415735
17772502698145923775
20204078995783767459242003290931989236
18172297121568921426
416333976760583572311490615826361800957425
11255673404276878
5594301213877732099116366870834446177
14996043477536151943
12368429369779835025
11005621855852723578841724052355642532
11487706181125002025513236858980135509
1137410922469342637198474168727073507111225577
6
17292499526428709932364999578839931520
14066470532696766634
15976787330926323210
179289229689216050952552883363168632399
11774583376748819488376049206625048205
1137407416939324721014276438787849681214634917
16500803188205636331
5128602739445140442702356922811614677
9484609382076676673841079759486996876
1797224751079490865465923717117705047
267293852241010803314064949505189073823
88510179193286148042570614812945949501
128255918395982268887267566817918249562
8026765858549680032645340261049359779
9090689253615327783578175734876299080
70513235415960553551911958391397002660
18231231018431879091
385549878531921414001721136250784084304359243176
18303955805240036717
12127428768767271840
2620191648007884738801002000019537103
10558208676627423097002761355614888721
2410489834368722297500065292699712735
18340754656085693638
81134976061188043307713855569880452091
32449100021257474179193840386264882634
13592503398445157031
11352684702098992790
13408895465235657399
12391335548877559575311788761469397008
205525088688466181280433801286163366499
6294799497699421269185618548420363871
306804272324890305161676170249921824988765
10804894128003569855
312754083054272908686610009358343577500751
11223753984758278363
6797374905913972241135351672999492652
4098
14701822481900472719833411360396602448
12652196682663041477760193847465963305
80585172036981731593975554130744412163
3650373638073089473812302094449521505
18
4705877199269223554965831111489610884
11878544452328052727716053019521429541
6188994740474165116411459106020447150
15374850840499301871
118918926426723440432118249593695936305
200612552644262154644169794138128196806
20146173162586713527514600236740742291
15311141066288940519
213495677680299669631361090153280279452
150982518771540872454842410959885553714
20063816082234738324804308740329112896
16251991403665042455
1429042820851449046194930967722413043
16158476743685314550603944801759332932
16702569860343715813
334394873787247863489942592053523689364
1137343259424771025307808330486376914591117541
267916395302032889417952583485959732767637
151556187594176796572216268543871211535
17061243753557354902
1137343356528985019844041511487070525480483314
311066959447919752237201505385631882951
5128955323941977624280918392797896049
7190533829809067067923366115765132397
428205119323982299437213487042095469798028
5340659427157430518362709912353652136
225439141879909315706956446395276692223
9577216232892316214
16800213718542416258
1137410904754852944021873974457616800645790613
26933363134977953618183091691
1925891295112493821472527585040826645889519229204276645294906875576357
2138229830919682660640304189305160839
5705487056812468186980204844210710188
497556127445129790430722196595439063136804664081
20211411893375313786464464381823138851
17693750926062121549
328351636790767696963468717917527239839731
4021970979066430137512032596
2413082188063629462051432080874094424
1137412097513859136463569251541276169244097771
16525805912022425174761485288295924184
19319865473688578514909532994274487439
50660992181859483926657364011847166523
35339681704192380666213828745
15231347955991653130
17511453731501684427
20893790401405744343590811300416212988
18770252174220727150044129107
18600297416712052869469376275479446898
1137339110724402427968382971951760018212339650
3144250221476906482363883327689736605
1137343335358262577046784167099160214981552645
215151382344331744597732191680894628306
69458699441620778943595473916666544380
206650206714114644465582867058573927031
16238
341282950753258932683646335946848625117354
336723807529963164300572109784056077914713259065
13017623950974978857
15317022763457872952101331074143010707
11945
39556966378744882543975524221313429084
13173159581993821296216431144251125539
11997432411891969847
6307080216812364868508756965461056954
18487726016834451043358017873124808350
10381678343434075431
6396521504301977155047606039775052156
24631951763523513937456428645285829279
7234242812053983783199420191
4997145087721625482890198484998041183
20515453915550057933980306110594404083
182955170382831868435177101469750399620
11604492940816220994794524591409868154
566469925371630186649902670064659191931556086505
151627925063843144650827322237300591501
219332266072435267156577110307437954686
1137392568877881895948077211420040489485752628
12667848798583834618018627577907400832
2579890
15149545069506953407
14849004345843833626611121173159804253
5288349529410833496873121463661256724
17261947956125002757
167157852561909695976728486934478033570658015245
37928257478206634905026684020
219573001146252852747671653058057195472
9971129537574893119
10718152249269751710
261364917813873205716800308916984303923430
14542374607300377903
10486078824043410684189872182158698299
14441976639675991616989170664702496136
112506980271196620500805543904351100460
95574608275058467311988707791952100231
13698836671837322179476589245580488601
15116060150544795090
85588000611908799354252401310247442293
95349075918171503724257065608827300253
16420
20858004416783040893593606248940539933
14967074323197252635769595263051857368
11369091296197649996
14191308498272611468936141203819093700
291715181571581282979538521503951972865
21322241867694115107209436877
1137411681509476684973629130731470104322147315
18381955208361862826
1137338054160179013114191569697732193121477859
16763956538513590752120442751814703748
15979480410086172600670803231823426954
7492741222436758379332666423957374861
18745072944237498113517687078581113385
19327632889414504991664320572768541972
6962230996277492554104712103892750332
2804807176251814369282132031601894512
1003548161352160236633132223254154902015507570
2129762719413124133054908060918131852
655242649345227516722342115719260185962621770443
1137411225802315094890559607232933004293123357
3372514767531780111597410413309016092
3574459475062845818449740781003405694
33843879447580860160817810311308823112
254330764814787568800170969682879712177
186842807328020429053943695007976970352
1137400609423567963844480799610340355733977661
44547076439896644145939745460824380194
27169659706501312163198329593
9584640442147775667
1137339271789004072724360343051886993432885486
15302785653690650636
16313997215448474253
4351641082498262964
19677440271464006896069953747843846461
1137407460970345262123236602341683997646265541
6031991280516680325680328943445787623
37305454341650894131702721376
13307581475411952396
17961755729182757769617079312280174901
12947315287084439927548342113394257703
398855159383680072065242613665998086103893707507
13301193910833188446
482216834497269334897974003269365787921502615861
5478237917700517580378761195915273783
21217447194685516010964554587463123275
566533464823442265765742813350800361583141205545
17396530019467437684221709109418424771
6088775088157663909345119457634849814
1137342934337666503029173534667083590753221715
168899518469484564448301420371223023498
141836660128930643917900393849762376130
9303079539037616536
18645983040696782920503024638594990735
9423149924660092113
2540596799385649059291137297663766052
1137403501354265450277656437721252112181000674
12937143791384503562322644875368844705
14667327325711558696
61960854351872500261668627185199796853
37392923818281666456284207633
1238523407
16977000763809203096
327568544329132601432776578455187535955
7823616616405763049464859638741305601
12906692907688079277352237126872754670
1137338062237506153566342799837384774478998263
9534045377174992343790488532051320245
1137410965357051791815816994042766712882227501
300552331822643332291632721348015034970
17012392665249641533301605168125919199
3513636167366171309003648187207987957
20844991508021642254583097184147846180
5214664010974803331827741545440340556
8428920168168646084556408834829103436
21123593195949024538449874364975558039
1401186878120524670960150847686251208
113457321048975552926010824615879063090
61
125535953975856505802843256941183226123
77671580339041670630213873630321482456
739164935
315710948147716413131239593856267248042
7
17578369799516525962
2569980316191773499226713596834198238
18729835002973574244793589703786060332
13355692833083671454638259808329248783
4068441411581529529785403748307622195
6444932495366803477487764798859991156
20739520030196326019408007652012168786
13532
2187014965198986416999599523753464182
6444775797633285064877292671
72117831565875820459200000612479166991
131299398580245124963407035372253448597
17863362646975730699
2056610234781564746480043578866863843
9195856134506131063732033538100566841
12846270800533771940
10144772691951658878432683311379937181
12444065337798217255339302517016674614
4712179085306535244086981181397690793
8945458067533331678511353201367897172
39130994020161030787600776727
5024571496659112451747411352943495426
310311847485094590748657896403378753510
3628081716946398894559618664153280954
21023143658382681687898212068015338245
16067654836491040608332982668332998766
14453601416103551607905433303857832317
4623360972856628676085010403049740800
16334424321153024440735537028
16264489046283440853
3834577733956392991250338865056512895
9859951573927440051
16266731250987321783557941430735737364
1137341755013345514848269481068285402360251674
13079759217604608272
297036677
9939993899377041947787254841975795592
16358466938549977925445383174017797263
6135332782041356216547500817626516974
12609275790434117518
14374486353168345556914467740814935285
96807554817248768094222226363069038630
10111329193284538653963668796753387747
1740035483582846600596567989099913361
6285721774406358773275961021144265668
11484977400600686011801295696929922223
9694283511576226935414616390283238732
11579450495339596129965459918095282788
1137338007489486387995085372777065905167270343
18241442643753482040498035144890884885
23713817120577897013850116164823149146
10493369340779579458964139364066559313
10497978679201942783
15929056350399809093652163654354947393
7302062359273527911301360102934031159
193273925116646271843152234504664980099
64131980424160984122419553644641161781
13955866549451972652065107770506832097
18598217141048271835361290886833888970
18292922425696810869
363424010840965903020254330523814647033313
4524535011844425129382823352706692071
13713360924768044158008356371409611634
46488807768471960074798231705172205101
3558160107050690194504662811699789597
4709
12798616722024441598195237150937401617
17564489617227491684192368804052736973
15462357558337735380511040407596822949
10858503032874639665943341629895208518
13565371421796553057082679973077006062
18389304855071802641199555497109759405
4843
10207879558978975744844567825769929722
13222456972558468645334884811894147002
1371234137870084786820289211100659517
168526859646460071729742225025731688317
20759344407953409273658911234260490095
3183657222302344943154293160110545560
10111322062525627253017248754802326032
10413191564959018004248194669397316429
3411548549741987799829479132134556592
5026
8379359964807777980703227927255949483
11688365257347804719800517255485907745
3616551443665130494918810856054316922
428155398744392211525477027397099216769343
5048846947286218276507436717437414618
15143920685939814023982713096587640949
20198876382919629469779555865716926716
83251073221466895716522698477948398461
157076076270786691661128975625266546667
18585784827205444932656286078386666298
3411057486630418579241979063740568860
141265080605779676164342456434410875087
19123325465364028835439477998983791595
20175534858195987418746297858032893381
47596274131942719874234644692979304863
7369097620183987392250195432143407044
1137338066677646914569254480882342158114238030
17057935626693881976152860767615919069
256107834017597215210457175011017819220
10852561776139917456511342994652644250
1137396354010714839255943294315011887348807890
17494118247385582952776779048243623706
8054696797827717886236506164380213248
10188191870009084518127432690772958447
10467307952903668608054348354126331484
12340616553913691366641218858540054782
16
168126384593025240253952564765655389450
19110815397183472715842430692788378099
3657810312352793714143501190676791255
5672748919641661169743531103449094434
18849629263312850162508279578494971783
18992804483166787931326026306594337678
21063047323941046768131740975047431323
3527236262456383790019956871947721524
15119593894571223691058311832021898782
1571854560745983345221345395731726532
19195059116583949263946638202752185521
32957252387841065424208626438
6527654270206017597737857378457666861
9788872499352489107084030458327211814
10151986553012235958104289203534120571
10589840819985233082783645860718684418
1137338068486973376560025017463328603413426091
13481537545758569896363392808534816111
244197007176572255942810302672795038942
2458482344878928301732415604036329934
346078136546214216240495200661258386306564
369802455041225999544228915319336876348218404705
388
16154111272857918705
192517620235751135338803254136647979660
19628436174191753088682005788776223372
4117141131674315342060292131665475185
5115864983036462182488767502133717865
5129910896535248204435015722213184839
8459462630944116771103904767929162943
99793287644364490848118360891308113008
12094051582005497607035017612978700303
12758624582507479499441823934621864316
12951106211446774896665627893088405415
14353666176680950021298178804233896461
17749331984717844187189834798540073703
19548213190700082619525636185893616954
20910345776032906440022486550566919424
39181190571036266807029571633
4750
10206611220907461768720115996539558605
196999016384496688350917517330906619359
21158401555274018451124447687277274017
2880231686107316563161336224574986636
4568
5800434088411857483161714351508075219
7441415857872325150759813388758401595
8233113357705179334419426744841920410
8365056023918138820834779224481205331
8830789187636135412317864678402934249
18876092297835613425918704877687441976
20643138378154618236445545786655444579
221233394781215625769065794704200194101
2797027388613621629421972915474839290
8318621916190912463351100813682070919
10738317699886732517497604181
10953685919176590569417533508380675378
13119653978521935757886067131587352162
13683051575284297708452464090256823800
4671280392012373233071729987531272613
6783549880239534595470795080052036646
8510684613293900369226051658782191979
10372872709746488168909063401132720505
106342697368887596327043707971966221630
11241541926698610649175092092594743503
12867351642558064040844658918926909381
14935852785335896609
17257306937446035767399008827770053798
18028984217557871445111277971227012278
19162241890475161232700847705558749817
20731483030957961985070359994943300484
2161491174018209001916355138738522895
7306007270727087463709401639606710001
10441186521783728788684829016709230797
11079727738154188497568222168988512931
13707543610455244989334957563546573581
15486652065399345876216776056409964925
15670623765293598692149707740523004254
17029899800210763781253028164225050428
17690326138428940643994523656871614955
19429841210910874779172769411769812368
20063983276406798130322652344436006126
20568084681957238347681609015698743600
5104
6118181224048554500356844128202916559
8093855737529348230647251028521797262
8408611635145333505087461161740176629
11694422651073322400120169994006578917
12967135763110719415851373585196536483
13412822563469577519875028370279784985
14246723778881822517938263770690363712
1430068347857331963671282678474221425
17423918718656747207820418481104543198
211729970473535267763802228112975720281
290908572994816335883957196777577692641
3957029118798766330893631497635009633
4466420955596738181583171049445177289
6558884077792882488194712492147143231
7182474740923790720134260767763511017
9657874768225025515605691436517599429
9785552657053770546838694103517745538
14361794339713234100534207174
163066297142081465583760595063702367729
17213988356596608613292727938772049460
19095859321451868498188214824717009769
20706744665887480003280050517123232677
212261681186006962255037917094043317232
268186039377208160149939291080781020079951
3103037402436806058333813370607323309
4582
6752296412775544896722231645491234431
9757033024508912731284552850304485937
10006686222846754183259837423556581009
10287401021730950883376798721349520623
11049188978563822427992251581304210430
11620073061677045377000476731955822453
11631625203392387221183529977894230954
16488132897481899692548466105063775078
165860354809847699680707010008029355346
16696751070643306414040007089536742904
16847313113790502287284545097000541458
18377282682741378426908511791444221338
18779188533756342034911214922865147239
19469674332522627989151145329773079426
2239973166222284319064490789733935235
4201465856343676841841513787589108376
4414722887019248396872030507940259669
49606791655011390853687028501315466016
7662722371757535028
8594603619723099831930929402762516476
8748958648675298670031954571439222600
11360518886499846117325481428101387486
12658389761139616433714529349231765103
12906870133286351583195920106743437302
13726964486000693624293186274324364656
14710233395305930658783644946385707954
18774608117236055308967112262171948025
20984790355703063888858318183851839655
6094661416111497177096847417076374571
6254568366791734638540659595742080751
6300100827001184918607873473857621873
8182291391115429255035652552965089772
11648509753495803146337193222783136691
116982403880571231785653666772467259963
1481197040589990453681855942001851711
2178231133000995418331963354234998264
30737473148562027435413423695487863900
4048657524509120202613185998961884898
5853229240755792374959742557568546841
7425831110991967479957489733801517887
7667670614405225882154728150635229507
7891260329800022527690115900356436710
12390516877321292659886699786232552753
14148615604885972389786850251615144453
16187952463727374828694100260216657220
16384510792271756997994966455820054196
17380377159469823270253118936058989133
21149986427541339148997398255277085281
30041945414380954397686165878
4748
4807980645631667227782983518790757388
7781025685233498553599275321242704709
9854028814007547462148449946862773225
13341092133886614381788112831672645089
13536927343020437672839233163198464794
15024295653151364430257849830312252138
15790662883558871105496513797068292868
16631845769709293584361277531135873964
168540890784023070547135100853160250332601688
17719911048900242147450209682766340818
18210434833736068132033348217752503303
18363424665709615156953291287473379694
2734251574678127138230685935220208579
30050389962156609918209014487505895053580582171
4458626394057183458572199735690061703
5797467033217217136195196074526593919
7924284421417062712507996957512182542
9840318489324173752036569213891847505
10698303541316591166595559633582284635
12616442722869960457417784838963198823
130393491834804541061264109374788572787
14282010089734795751677664641907654783
14632621418180925064543636522597923039
19727812329972005069250590083030134194
2581807502964648975315729130981034845
3352214521709008166894404971834208155
11097230045734696148402498996047553542
16451000786748598767330655978580439343
32207315315641824211971030666411120364
4262575781281003391276697348182179769
4824513655919760762426105036150487303
5082501555372081446433796931827321573
7933475279831826109289093229161627550
8248473962015735525852824935151976428
8979664499844720056356602911104433679
8985194848292801611411243197833807270
9210918431769624501853790592578026388
10784788883535594983047872013582622494
12238692473909230766540011679539863823
14417960509403559050809127422652835610
15006301269355526003966371946751792268
15347322183359358925451037292156642060
15455186233855160491530971292508048136
16695815645636026321227076579644594052
1806417405121425355312409322877076627
18378975862293122945296429296696327257
18689036945476748367350963586849317626
19578485162290151247464805528380334376
232378304158322648414719201809817013
31406868957609256898205338199
3575546904504548501746223247640019533
4747
8719770148706369087149717490545482973
8848669668364178725669659762107762392
100485456375134025192653200802061071246
12591155688775354767054938789515967626
156515879363142956043473673840073758662
18718769775186430353695147336285552937
19515890735686935930246246939153261943
6977766756635577116555131388795648002
7188417379044061205425210521398114682
7324286748497579799985634746732774991
78250560435721354756516140684549246524
9457347977077504136151729793703202097
9693991834085980028090644994417223608
13552729576065944962480194288417996808
1515584417371948113665704752163916115
18011181909747188169517234587095437538
2541968084577508178417595759464633684
341681115929126810043663432078705426245022608031
5928268111110268803954523749676491784
9507935120544844070904669405959368671
134357590187346257140745434463055041224
15402320822615003422625316794496280035
15530651234544108633432418554172046000
16738455527828281059843032056225015658
18104694413648475932728767497315880985
19045270402057084823892222220602098667
7656394027029705118753952094288598748
8476538388584087406469599383193557526
8897157489981821269933377081234244356
11659088042813997926293158924273868677
167605708012464578518686430456703643650908594
1763438837482121542165777155236854250
3885600889558485007142852955205827815
9588672384619568350916509980388144519
13097358119685935080520087613342781898
15389856706710078918985921039842530649
15980091060534049083
17503171679448595618714825354427987177
38670175051201449573501053622
5993287149520282410291804705490218905
8200236454994180101
8954741094552642569091774330922224401
12283084086271584766546224945266118424
138571389488616705631559184010697232262
139785044117759227975811503133110134789
1638574867712883575002055075390069320
18294878012182163949169753395901099480
25898495091092690656778260696
11528052125715882839116134657048371954
11568035273208375128636526824887782422
14450276812337432939803616806236412710
235503065457885408504193820069855624941
2761099001471975394775234213781376962
6234224730413194791680150742904890349
7632119914011053391195631605039212773
10121990215191376744815180238141336781
12042306160445975285446635688126372565
330691416621091954823555893477909752112
341418839984281914942424813643337212646826
4335837315942717473844162760945432433
81593189976702433467246957051958288772
1137340098638206633857194698864212367429215995
1137405201449796281036984069505929030756825317
11633106709405996462278253776308125937
12145503336781491442493363802032351323
19347951710890525461388745440827990339
33689026304081051262821704518
44214982535105074970229513536959832449
486126690045252985552671123388252243
1137338051090343203442157273812272930652955284
20751920257864987363401776056273320300
6110226700386339871451936220076463723
1137339664838490804166579896488848599600652449
14684159137740421319566467161015257233
262796326699953360534326485950270509143637
7281007555017003061135611947613440859
27043335408825862529826877016
33245965555765805411249970761312896797
3389330817906037608840965758853563888
7839819065631507270872076834
9334451321807571707080672129
17463965633329675641906933484213807757
14406256744343996725029563506490239577
18842181479355876987339975696172536262
32322827401616063335668531063566170040
6471163521539170598832694527038688777
10502822681556304191713988796720159807
11193361059846004016227742404024764084
1137405200465650000742782345768648531014678567
1352431785361809805493170601943922471
171612445251738985814436614701602601088
3372957185919073430848304767766454082
5213621182988243336871931857620001066
594354735382764006167035958792248257919081315506
7858717563499315256947502535601912546
1137405199671158433864048739307337194309777294
17193476085845352509329350439225262788
1137338063369643758078767112830771306489195473
17308005872992016469498275556930322597
18873174494421307840335626242
127760199100713701236986388929633001663
1137341757109582894586805213467745494059648685
1332181704143875968132668759069987964
19084366414217792426081969701433162176
2842564441228898998423524500797505314
4486892372558583504426776615276634963
9179187187587437291974770627590155593
10268934731186056474949278878701761606
134219453198499620752858223974013350629
20121082334295854917372704841944472620
2303631021475325519594492217138776794
14497285667975559751416119652393233397
10782800223538433898148357639440154261
18517361183888654188604309111278492952
1137338065370751667371260250860532577421241682
15020783837564390431
17299035086193468443028275393983813008
8764520493044932963331347072945136295
6276363910077728510667845473
8360410868555407482763027526496551926
11209014747627471760834931145908598571
8120296031589978233816900887191089744
9282198138911931443613573632370037544
141636726650860900217778240366668395016
12851272561722384650240215949667462032
386488670941298798831347618176215841464111
9332962407747865733635422935957538935
4226533802993593072118369882566383196
16211329222691003335720522533146908684
64019855533638160508817279862467688724
101767359645547182870908460923127070151
134703894483828145329403153948390430254
10059432978667881258446133513348334804
13709136685143205120518497936962478514
347957911352406284934208634869680042970702
2920589782791593304772050515
434697670454053111605014790526484195071871
9123161216325109372993849499600632203
1534334382199691953913812635464361296
6269624555866133067157618183391937417
7444060315539469395
17159727780483630149393602160
18652803068187904525642317926321246626
18927122497157396033834786472925033952
10801277156923829331880907884692667997
17477108931169916985530039443432418506
1779977534105697747282466109962232378
2490495223886987346365692352144529696
5387440467705850126330989355569762929
9826773611930467733302957684942369731
11713686841078524144298394707186850663
165846232390391321589084922349143558639
19803465196466165984416820589859996049
15185343032494377507
3793315709391869356964458067091145016
8825429714776440934011604145595969254
12532965768623709377077824459850315267
15513307517611757682456987378833541869
16854893913647000157998123625
9680110117674152139917203247056158427
15994138452335111634286475744420157639
1398283247973430185846433531155866939
4814086007692864418876793172511177473
18349470787542579699703111384007492630
317229894918290463037066536410794748171764
21213509692387946248776791139847700695
1849018284020704420925416604893554584
15161602595889905366
11216440642447136211137739139259333139
1504201933957992016644014213278891211
19995886620384118616994818596896487816
68681612144080429070736776062915601105
9314233008550669697817976022421366996
14090636076745037424
13421422505868171512090949963652756857
631774860025050329895093906781636393631903935528
14956128451031862360
7989377118743508236
16808298090440457278
4436754464936275986487828071778086358
17956496395710092649
133740932023000936352500734603909701581154439068
9289214868790952917792540273193166922
312656024717087893607794752757441833633
325574488863784214182971894270422194496513
12530348110834450440858528250346534829
1518126089424240288387783165319545828
30836871788146950822543786022828141529
9444162652293937431
14325183745491466487
14253091783954014790
9817411129019495354203887357003832106
10294550927945562022421395930732558217
17080355421306141343310045928903922280
20989154379569128095749665163272364237
9567648264243325484349182834653112289
11
7803124642205685036290675889812581909
717431615568705588
20562444423727669192486943509599266671
14622740768554750168503995341060407748
30176
712261101006245362220974164289433004351228733358
10476620468923661788
9711125908366002541
11250119871544619899576275711437211394
80601488523050673045313183462131638502
15950447351076856926
61901199328787679515745033923123109729
1683127982
262685812455913576113422368066731822327
13276535479274705646
8930686050882410151551132984339008946
4681194589680254253172855720991839558131410812
121209017432488737681977543776849576724
1137409854622390926711325173535872355358942605
12748613153862400433
18994677973810249009783725497177075523
10032114916474171796359311305239997883
36390298198902569520711422557
29675665648483985732628455637
14545056036389715713359908894
64169135215895028447144934613788899158
5302218786642975948402620319209620451
17103966867620821804978180278042690241
10055327132416453292924895732191492774
16705445185315812638
15469621440647879438357401949175271175
16923810902724087952
15222338595919707507
98122190107040940798713978812113119341
12585157112429947297
7521159831517675781306299564407857254
6809943720257168080608270340380884745
63718111001385619336935305779369906237
6615840297652590721935877574265252001
265424593834109233124234444249835782679745
16085103431129709698083300267324903763
10365676885676115846473278165470177962
14715824608040569715957362838133925707
308765340992282844445247008158115144004056
32239376556382614957677802761513836768
16077564606522563112
20062135199920351676363373277216992821089592778
13974597144039937749
12902835767091297815
4315241676796686583530999725246805892
5571051764611909742149351563517043122
12328288880185617546815483904301372710
13990019472661398119653295440239718585
19568588941076361403969335846872942053
13426923571094258120837128969849644444
285929975796159139913766305856720057236788
8829423312203366828690215090526286655
15582772660720522413803499990145335104
381915842657747962992703471382000329772329
17662907921859237963909348086637252914
13835126670605685642576436147822256097
13412860188220168643054672012863063753
2402843991989547549644630448812107803
240735374028956821861689173375573770379567948093
20392120728578388068912846587459420155
18175988361515979086472871136010044201
16421693889887367185
10050281925202562
10220514702595295744000854713840960395
8350648977621741321755778656
10561015979092944256584012107236789666
11013720405047286609
14554956209509355436388537575692551911
6371513
17034156255497985825694118641198758684
304904190860874857760680383211576458648
646434479913907553859429415603705962055549328910
85078514461306591430547367797443823152
4020984166062118977836603631519757879
3762000218728486628670163107955869581
2554780425416829682160142350863056502
17830140328637916459
8336381326164897835119667299
24362
15017176856946055077800613530417979509
8869224382762705581053719216445040715
4097
289908318960603643930653855504743255222946
400195132794353992135644817822958665180929
2053697300344853130638506131528262708
3817842764944305276267630323526752767
9741780007759717565
9831029399876135482
14571024231337173036648466475815410195
20447467413655038070301474833398518941
13186804047174717413
13957909399708543575
12423936977313946482681784336
1403795042768951439036805192562501296
2005764867542338208672133900255536306
8
17641557146488254833
10649978611866903900
3512504354726296559499398331027236676
8900633269387528547363888701888921794
17561179729678694220308112269689171861
5690502559019924526940999660061516742
8873117218128379534931623830338139254
13226779167299889617646254780824061570
720491513646766319024316476250527265802699615812
122578245657649909803781265315817160534
15673858269491655189872966290949609351
8125111793975997285
1462540397812996521917283443135778967
27793012328416060387130382585663002168
20394380604747319093914589247808858178
18172860677090967204
5290239298890513339900261045628269161
16230106079098469139286751761928634874
367004564928014413959336239340149473305033
432902777822844509556874826935036348003153962451
16845612477817512819
96353
183295859669903432232314059100875837665
3199627448561829462559991292244578208
2908201970321283079357603372
1137413558321263501790440431738280688633120744
10949958380639344663
2230074521351265263452622048218436306525487392
20192062231339090750300740576782936714
11710158794161414330163140727986637861
12006724553218971261
18201033294201033358975782383447322533
17159451479425064976
544331006263648771727681
288094643163373941531188501469768804062588
179012749041135337605158623244976408710
1257658476093533
16029496111549083516
18601814148293704530466199654525848933
21155291172900846
1137409791078130020589326807163083154282182079
130435251311032076881974792579269771483
161743653548059281715019507598965625482
8051363317262791529048758406925923003
12201478228923323292
1137401944491620958579563188050326331475093154
1246648964471254
5172707525071894979017226125474671731
14803205239911441527036483739808809430
2879203838708239056134278661552448759
3058633646074282418335963089430522624
21228803481134421
15884008085763869444
72487802124400827928487139018579042501
8192323861374669198496408562
10190192704499027818017318146539032147
5840800344010410049052718187
73709499740680087884401361618461223264
11622241095158634743
11184688132190877648965320648069671055
18962299591523093169976807327079875000
3533052960670279235779758681386645355
1356451748084561038413123989470560464
17442347640704285722
94800030883655453756767886511078286794
11476457249839150314804641327590294160
11480978854910163092538119379204757850
16629487292614995303
13145973933682453224
165494071462484195539656268085526677968769932898
5520519201095709371061176372660145452
14809821368857096907
14682806333805418713
177704693590994344719537552459760385613
2832378299805571228729514089573959058308446750
145155418402451051193740134253047885249
11877661233897262745899553684824201616
20776742618086247808168835490335357070
420468610349903656443039809748260216524951
4729217118069434043075316277412442490
4874163960103922531
49
18247569268270930966385688650673103700
301593159783483151838595394959025381573832240325
138493049763795290700341161721791723233
9335795291069476747
15099868813073942949649786140121012138
6728329346031338336464706157394536896
12560630735313225409475991898434796081
16836376946900938110936050470485147483
15487032956359611995330025173049199508
8716203402661662452381560313420109349
20985864762173747756180230475293586547
36367689858771774363570754594
14924793832730697180143182922651309458
85078594817076266241852721997650014953
20527248623858664322659727969790835814
153444599622732074925889439896257233751
2003036597406728325381151059809236265
16987084007876211082606661690886783878
18430967290951140981493232264570175165
11470448817862670991958533391882015308
18388438776992086011
10378055316209879346
9742938464743456283
125089414048436305253020691830373253990
548401257277739076115126517002516123190061636761
11450173538244639058968858195631337809
18131104034940621373
19854060740150590418988512226909442945
12476414028068698730671630092229005882
87016982588813544705588754512143710179
4532032648423626392794158136656871864
158758816804584928261884559056178429062
19981724649184899086760352340676499145
21401
291429267668623488253930161721442058254802
49050068729799127277054198893996065828
648007944408985948832744011713837319312275937266
13229234920493135641188765577266865941
341547330434721971777595229257828193264379159431
21113849223567871921060320073287526243
17803741903183845083
552444159916952608142599644685899970421738016115
16284021173480101468070071834362322626
1137409871632414578403121316023833750173594201
18397353306579874976333322715903390228
14122418610595658499740877703828014232
13477551586108007708
7429879023705057272033674815199967337
15376507594144460725
262051667093766740341450581245790822595
2648799428891251668720333658538302930
4893676584614480518561510593636675782
10692488164722127823106733304695257705
5448512295530589513793102574846106487
17800622819558541444577807634170971137
259795463614369203485064178608852268618139191474
17147975083582688236162314984733385621
704693119142503932410269666421987020229388068588
11803396623303982321482175119296949459
28780862434549486264201995907
171114720237168337640644367633475072884
129451136086802780123394412206933451661
4100
16172733407225937965201373792472718308
212935711598931340966280898356504214253
17131323416488686348390242260009967021
18629772072367460625482401816362368659
7263450963352763219633013530487194238
7264025467381340267481234199592042813
7395240253941811383029503989304160567
583958874559715092
16132336678527386958874466716735052848
6637742458544659205201817048610814295
16137712984928571222688730441188975977
15021487075084033283423340945375277022
15340671966051052768888686196464472264
5589614540411482110440174641952113326
6925999361485290421986199509301529277
10237013347933153127552432336112861430
377945844382364124281501739680355994254964
1456403307
16153650278574502811647691951777857923
18451174566709524632322276504438392989
13184025373446488484
5301312179526255709398084328362997764
21522014725415197111481786214
9632079229757681953208794156476888222
300850102529277524016888987677091510301974
6772035370554631739143102495000944170
6982443561893808044923624387365675612
10365835425793989237667130254965910705
20161611234375791494620091662260647025
6514097064873159737441217282564368620
9780660243741036752104301775773411254
48739101000103205817060248424840941220
118282472638455075627964983182485904791
6178315702758179930124669298429237437
8256809179916629773755893541398418508
28
1551378488265102688955360157214068609
16593785990688377116132930821134265048
225980470935230024585942318550881243621611412485
14115244623827314947479399870805338155
13665790112902060275208579095610999041
19268941451432961478252207955077911602
230760104
251481370645226047290566231476685850585454788464
6765917458205059501452178891067564012
16572182222497223099548344270654375463
178999553558356194098908944334697398585
2313040725928916006106670999297362188
13730638062351948215238037763
362425390630324522556471481332987114457560
25758717150796678451509899948
63646312118373900520726431234207800979
16488356155801381529
3888855895622008013121804679782125084
20907565797332860044034736135283475076
98803363002176246785674702027975939757
12512649903858952742721742603976595392
3459515907205865328727817004659732814
19091927056470443113307140667208458932
288345736337462644568720481284003273543
14047554539896962090467394048091296832
443898265720937525616586477740386610120626737734
67634840719507440234469669285564985692
7283649262875739454661387155136758369
310475235074780761284668460209748837409
17800935196010125294490811029577692567
9469822402287768194962395187443839494
17422817572454998849150269608019902179
207541350162045917723786034894352121796
9285930845868507345491250379757935221
8907304750671255716002105706875336222
13326390504192390173
1547322449000563598176028828739135372
18545890486009666546687667281806385909
6926594874485899137707956722807325259
16079189829959499176372628525102924191
4250031695531610266703181285615420405
5992900389464220585159259152659842645
1984689125203403475426564333589756133
7032977494438512665563960435070383703
3874841286523545634377338154623156750
18613712778966674806871858830731044357
110387790227266732899968584200759908171
202526217525599567848935093495689352867
314342092031270970292182346985611491301
3500077321582642966837698114138228770
9434516722173650442805436022
13711570259502140070694447003
145618596914428836713787835841963461363
2930415461123961391752180496674974025
4989148066506686033857408848152688727
91623075250939579478352636612169681819
10290586810863477823407501705532671958
12065400672868812710862509036845280058
2796488060732770597938785952224336065
10867963286211502822
11546971993817000187963962318927686466
17175303589105133821672196330060076280
18000123989897415768349125540039117144
4672343439711935036748180561304210950
10052194398717336359357450160765086902
10608548037090719902
17188085359128324058176023262842427760
8241258614368183205449004633123680993
19520431147744650575176188417578234327
5095487885280865682646507423306929068
14826725240459435094
7408384097963079687305329429347342779
10914823142838453809
10190524086698525323
16802956039375997703
25134676102817311902529617860563542337
186510876875033239950434809286537228207
7783210457723311678072693183816547258
15024610493554106007456002503193669301
6253638204692230764115921075996281399
10721376124177372668
18078259742690850090480650571
8651479437169499375295833186
13211199919676812907318647273983385572
8930842449271314080811612926595045587
3872890389367416124954288170742374706
13181079184075418949552869174245589235
2496533373690499177288488960767020514
16010014162336037645
34652070546891535318798990182
2796531736720684795346509225721128103
12086230327796497123
9518249357170950109084323906905474089
5112227048164922652751359870197324815
144462100619317522722374884196625617497
12875333426719722318770822908648923647
18487264113694095555722009000403294733
2336017508063899974383305935458903800
13565924522901053242
14574347148332784680334537303928918110
127430924361006554319414540484355257297
13704217891312476694510301448307949314
84960927940216237417572623644488452264
306530966356760852447380262059862381087729
6529986358627879432934856886906017621
5534860253344715581662193326275522504
7818582406827743799565286805783395460
1137338069025252023093671358190910901434986514
20683581914200460867071503590080704811
14427093883731681546428337145728420932
20071705380247699421422743627535328113
19248951848828333139552887945
2507079408607116368772103171215272434
76624368248593208826454389821360913279
18267961389155395846089571922278606020
20341753996432707889237329385237178027
3888680312151071868993992530228527463
17911016400926671824992356491765637619
19954331264586184737657028899985076124
9597565736413349287970961581012439654
16418122496924883524103786767545718637
16869209754120144157724853269868464125
323117592761586251260604112671286738701
161951551662121515272687710452692423523
14375879885522560843618436172243663836
10
1137338007309003444246098526055696736484065700
13436434171897114960026158623195551071
3823539046054723977060455393455854027
13360475361556180422447400706936242244
379618355188109017388487279826235866883570
294994575596981074621075161159873050189866
2967794980055494314082506246876869317
4070857862449927413319302309757157904
9777573239244468837
18296
3444
9511258774983469121396370991251535402
81384920151342670329204233071825764393
1137410935606216572405036456996989188395389643
16622223873423095555
281076255205127825134197176604334302289
19523727202333369276178465797946318347
305
16533963231047264406
13040367994389945494
21132350800992003715307986908536818607
12467301278007997067619307447379079035
18945615251893832542249365835068132828
17
17240086920642276453516578697
55111134545924603851510566915828032442535868551
287830262721964642852536383162208613433258
3688043900609642847
10521644730016653830
17156678926324861446
11980259636930221222
1882986111859024494701507915393959236
1595285691391071793027678744003910166
4087299630031464576125636834338908382
15847062118097081001393641617141534129
12135728990156957978594857897381368575
502484
134758232757928908746096490548005033272
18720089478383609302957642631536770090
18777653985413582100933660811350414578188985751319349
7888636620477068454926915947647302939
4193928188876720580205555677101591196
10583873550784425988295359987511374840
17921622110413518226
4783
16656549490435666130843920509016845896
4352544889135197868682053816345740927
6708220423258399164759479968565259868
1137411009479456073262842872554108396760369759
862650987
14657040119103995883863008789761594650
12390577724220906766
14480166605261390768720547407140285029
20848388685439166595838778014124859662
97639834805507801295392620205044207959
11182068339253314419288814816398006559
264055780863794208083808715984860393971518150991
6140245735049138577431439095571094280
12667822536262925682081768263994071548
7986921696722313715067669788331068894
11874617896218405391
286510049631381910166013507407265353375757
415179108271253561450290020565452706061493
13961779762505838822781373655992869287
174117598369091893499688879037852856392
17941675652440835050
448983334346825878760911464167619244872998836252
7083577727380551965460545763437301222
4013921893894771169329006318
11841349452390598039451326441736111211
18108410844461350278674254057183910608
13999897249383945355903996640400372516
4104
16178890436347750923374024204385652550
12111039077128592324147174134541287297
14322605996499528552017932395371005250
151674702435451047021391332298266371683
8029946698627751388393510401985802824
13922883282154513897599731254707990176
506264358634080349468514384649660712323117053254
15028072903828100089447886135917957108
200584801227642865845110871895372966324
43301671946924819620217463077137660297
4477691267188123534492203382017787568
2557830307340681092930376318764063653
23834806462691037738904428982
319884971766112921085474866429194680600162
326584723318753864269953237729275996273075
254843730146056235473419628345156385178
55122145882041627641051208767852470529175868189
7149746898369835625171540539760113358
14411905939961631713734771092100674804
205818347786161728809585893955631217111
11060639131116047410
129456808663762391228509699143630132702
2911092956031672287223320096310412432
13878776474051107416417559030751060778
10765691389199606843295571489059327902
11071338621183680206752927547886031461
17306359402965019731226029781738521330
2385992498243300791207938857167650873
418048799162684383934235549824583425842151
6010541639435034447969654542073195702
6916466705764757907023261637789514611
18229510668982147497911142106319325784
15014864112766829307051125696
113550714763553450960059155300225012974
8800340986026135833
18602559050265770199636692345780846878
15364304268540598313794823694139703225
22250301106927094532215061726768399847445440378448895430206878939172283966008
18977968725704383491729779282021418207
300727836035552846039659363869992210586
5616972501835320127602793572138897857
18373
200841442304428567277473792822540158278
3209793188566404512448526401052109839
271714324332480495825964265099608523640969
274836237826840699395941576090285395185
3254752811323944897355207012017379763
8815699027291875252826750081075704497
1478036780079165923507774153609476701
16987646133116890056
32354076113082628644555039066867855529
13124554889661419603902297445183277484
3223790363649691489669835881363765372
29027650461277090965443605243
8338801468203877056754704311667612417
3356105551263932232548048845782419773
249075539836207921880755197179650970042
10981016545201678990102585990
11972732404866192005714993146149006256
26259649732232858702764200463621823617
5904494836726656410755965778277442316
117091798673803982573197559144663420702
3277307270051071865062424474717424997
3464474671215033435515813438647334577
39736788658703265192347043315198622416
16428806293007825571
136164168304886020272333737003082327462523622712
11149663763160056761
3706910171072109029376517318275447329
15208567505924440937741482354604002487
15264109253415148488
12067957430328860967385365737176577714
221097605622607
19072948656823686272996668856884349567
237990198041434560893154504726540204822143503693
266765232809980403045088434380611673186
299651854224217699115356564314213398211
162874435341673740886704838755471249536
418764676412095249626940862855686752377750
777
6601513665466878425437217117601005778
11411262921638646861385493735009780637
235303337278614541851558664590527460021
4847066311756808963785012772837819346
10326830028396158497
134880563699681680385773099289375669162
30822
12260345427383131239987615303646995306
1419278495353975128160249571767194878
2100406387523200069583003622434580918
15019150999457386044098568554725375101
16225181613788122371
10691480053268622567831712649180740581
179988083809039781176869134451384498759
19210409057152405006190589976439330225
19792441475485011722719741508942282492
2607886988298691938431614512888905507
12403900822108007272145094344249012223
284660547909071569679211329129463732286799
274892083367833400
10682994486393748056328225454965765968
14551773524922878532416261069052600975
600887035398051315865594148686047308504323373680
11601130222561188573420440883848288905
86898855560862021489405360275617405326
343578005966572141997058998289917322887466
12253937801034441259292325681598437599
11565403702211734336577181443669975689
9713105415835315436793337663674792084
11474463006268570840541453389351070136
1137400496953339286147959058201749541986215328
19706134285929836869448366013011072065
321617463354256122674551497670754605248
26786408151362534814053643214818254080488458613
6581489709080517092503129025491505565
1580242090
16245989380128708002226852715113131255
17170596796028386173016978389
20193142875062759249702679602014015073
219557027714123077456565436042170526931615623608
32663871690849160881195492440
2358648531495273121570720300062975979
1137338053862688788175517669641500669480281258
1137338072727554059173381097998708390903165659
1137339099269654714718072137306461630521095972
1137410917932096128930514218914323579777992063
17694370937692586906298691928325640008
7281135731997129034618388344789205705
23580063436368459276697805675
15906220229016230084803120992069646415
310727953034543090476905745792834641850445
14225894645555013276857496370610683862
4150
16042986391323940664813425392
7070625665062430214
10110087170741038026896758509694512941
1137412041512152450061496793460338898226483913
15247996047691532017050127462928474110
262138180991880858480986376887686688165258
11355007787420677539464990560953879169
13645383910995768852641441112904782430
110222689481639360191861051374259903746
2773221098191761459567674033163067209
2702125784700596025293804668449182900
14256769669846169056211436182546579305
16737529501500899622
20510668066804886386599289413035792332
34981378203582322440120499176
17758781725973600383
4099
434230976690834902338858427214724720595773493503
25392541305471080290695029573
13223647285927264479986943133480073784
15469540057054970430464095161479772397
6118232828956885656870176464062879877
12725445485493261006
15070341615977929718603916032010089498
269603709807230256954135739621253088935496
17310079706047279400997131324545187506
330468973796476578669016231560076033185
17883555402033236035433649405837564768
5166185172083275291390782823900228093
14296021068619915160877713117461293282
31442986598163524328032124451
10522650992687300369695502406658664719
18860355905295034793161995085658161909
18231218205787351351494962732924836700
21619654286119703884415018491
12345678
9620944079772725303734317081825976968
12474338932156429301472665224448367743
15256740205309999088325176194068771703
19315695218644584821096575227861797080
17812811693435006007
6541268022201078913804709319
215607424310
5335346672820670394824374383005067889
101008781572153221828375116495913742384
19590361383076184902432251003757623877
4908630844091009900387000265813048429
15517347091163343892515453049805544436
19208181389876657837127830371504795348
13126330776661543597884543199944802433
111168333777281782839010236276585850480
15898765556878196676344516044843079726
19782413942449089477275700600857982422
284808183799009698749263176415938294335358
8977817075055466109346876947302586017
12881790987294516398
20612663842158882444058076598470163922
4397287473389093414516919168314377555
16900060641307823195912613192831308775
7455879867831892959934019764017234873
13878054439176465714922351289220293473
2109917400598371959309707447672530578
31355885290542305240099570204
324223925611929810646094859746912582155549
219545673590662185930853050575333790194068572076
73156834333096878547212269317840377629
20127288056549351725267599406611392847
162098711612263039714932230019244826650
5721120992670245074
15300387653864330485380676997883054938
1137339052767976712444399034300193523521229864
314472506970262680221493168973719918060
13008474054648491322681455881599685172
13910726910333022085894223511239800858
4059
12437388830748974076
15102327761198893267700135561599403413
2640170823686710891520132610640514666
7381515328549292402734166329042795252
1137409322975306693931329481966293013712967062
27466726540236068294507729062756174646
1137339050875895630599617998884014020855272124
17173333057907513142824537797753987785
10236303156048775070881488993217225495
150233051416013118319287082446919702942
15122779942523584121304885212798320995
455379802820915306611536815289269463539591262388
1702437802317761787663579095873927170
19425749411892172699477992992267401924
32138395255399475806246047738
10816473455047620632020900892017017935
16358172585898319270538224649621533793
7978644483791432166110639001556541396
24679880284041971629588749177703950164
27771023195279351207558603388521833164
10509639240731832212
17347798746721283397497697441021326153
9629092103269867012547127627827910194
12
15988124522997896806103502050311682534
2779456418388035716182610413
7109833133590074307296383020007943817
20361300483116693894073601616587963582
279768260839487623790077787917205068210
11688763943677207151
17745361357325712316368154940688939270
10554131008429932566334843301497971224
11121458286417560137
1137409526079465765858085969485769620258434658
21174610595572513278114338094679920469
14745651948710037678729655982529866918
325121377875483240958146245785867872081
14367665774744312525224936878632192906
15073447915225377690558991727041738001
15307513239809584447058150094667465678
4902366656327015787721120835462129300
12083030900379870379
194588022340731611809881629346405200498
2185421001126556897
17738002554296452921
406289874465865127382923316772566640682976
10082265021177406789746545957872290241
5679
1137339427910588634474593084917868023586762338
1352715485066524110743609049159376836
15586949390827514650838562889412146006
604962732410993134133406799155844338097500994953
2259466876608931329357720412260477246
7200108485041642211393979677857492037
7913572317477853132480172828
12059917823509856817217651510668411212
1137339562148484308711017295825190400337154911
16991993183032472655522288231347324076
7216064499195472667449446026831109153
5294575231075124308886211196328503710
12706156852686251009023023530945107914
18570403828149883029805992936
102169691126954367820834867002257966873
262401
10221774270155970658
18585392016394292446482236567915670692
4076034645694583957730814003341240420
6874724211947355405810476985946667199
829522213864360608491372477
1137339323169916544114351712412240257568989078
20089275469719493311776978754144827191
8343522606133809162897955800775719726
9701072970571619877
6857261965637911956374782026128787397
122920596254633498420112809705773492222
20072427800199253943812870124
322097355536496093812003252632812771849
7282247119021807963922202752685806048
1137339583673315744478369431687387352284832657
17642862793780482225
1137338875316155758684904764879587313876897448
2108590128
20490841654728761878605736358411553468
3229174382835426250603393525111327914
35940233526383310145236165491
6346103951656731940
9927444904860148174315294715266315471
11900413521500102559181453715683727054
98690675806925664268661440960943223098
2864423203
328324118912635269943983845898257158362
1137339590223599795988909974289060997315733630
540303692385421779833816398589296373287722272541
9584404771254226015219781259511767686
10305985836869423649095087938
1137339341764222790394688639737391122370260371
15585392283028184473984614857145843211
230103792813916271581045333671714361711
6766562535838884199932807025682104393
97788583246044884094357201161562806645
1137339587983536613109885229766705055480981199
342283964944747934912032735449440820910261866504
13223009393246756718
27594
1137340673651526670533224559404388959795009427
17216279329326067242159915179875176479
3850813613078179126
17082878441325948364346108011471487694
8232632959648160463685943964959495844
12426799152133936650400645251092853916
70730442916739349924994055992278382996
40
723481455884434413109373467737952792038930816188
15849043277802656066
17847866022792127552235698747631004170
121426
26
5356897988209052886
169389517559423545104179697336542865193993928
4296180215615070257691271028202489909
726419177405112836975611705196992935014931778771
1137339390908605345384509184242994254333612684
1137339538805513165519022861285408778930651600
123
14793102638885586453
17594572510840106989
9985431263690566215
12359196792867726183046784757985633533
6235509627793866062147785021187537702
100000908655601925902254615299507224121025457399
330620030752513903380888375619137085539
14722179982251353931
7693168350682802183722040851877566017
1339494054884837206346632145113040194
253986110825884024595178162333492825342
606228755694645561881524400843936135588868432113
12825585036849849303588988566163760727
13434453064006739644
15261267258476578821
47107282624829461962474046387886004177
552437687969826131829233864035071948672265126947
1137340316375270861536886852728741392774777546
1137409381288998732143994018328985329472749941
1575782187
265684453962723610338333617269497442768876
4103
1137342947955187750750490926430497509729011346
20701966106239384395224391854762871231
1656602090
672521069887918586861597613315078500812161118247
696973463332555220078856473780015387731061650529
11185335151800928534724974858
290347122007823544513087746790558471242679
61219096186761573722168574772753224195957102276
174079558597889214302428259147128093164231165861
2695589807446335015393697820579586479
5728168047525001699807965569765360033
14110423539546372301890728952598535589
21206167102923852340438922892
333426432361052693355080611360556672756
498601806600170414416120555145044396387699975349
270882928863632208993476557653420062814985
27388895029012947834433752629044696745
323
5485299627908191111393127012219896882
1137339566170845709352475813602015791282427494
323403498342285378591421576749947671778
127
17992910180588314979686749094070649467
357670237658935129577632066853188475252970
78929021796049716056541223744686338881
13282453634076176244
151695566566547474264949154014532941549
15578570802524547158
9832732065019207720314379295321081865
10801810111755664513
149123801075737674698361556742340268726165594591
17731917432822792432
177884804448201832079134329707668706238384711675
16751277398101453601400564434994743012
16789758517419831491743727613554101618
11035194568852713372414979213832981616
161433800514088960122989924334980722777697783358
6232813870175509648182205099844768183
3069530905760108841399542061202696022
4687067475525018928510835959441048820
1263089443
129205737719074956603553731730453739284410800192
13104837006539010348294291749950079006
20579603413823028791545494761100484195
248462226841044798026495836668299375074
8696395888115055912082207228267042420
1137339597570581547550123825465743868694932997
167289566081320392349892729999333599322
42753122220629602152703316253287147339
1137414032513291542993409815500472318211091622
315219459702199025006950321237962770186765
395026622139006110689486924992909179148825259063
17738507510749274658106713125995984156
15367298290651516334
425918607448973687956542895430210811170700
29407023212373126060393499359
13789027683096282549164646877276428851
15251068058435354294702881069556853137
1889668507029529731319483915751105844
18892101275430537028306542363267262661
309471767774643652888623399696522121986241102683
9783158009666447714258370621475533980
150134081133946101744725629713220692442
38307700414197425409269305041656064069617148191192116
9563328666325743253
18692353056813985191304813238479257786
16779699486783602552
6570504551154750317947193478708644547
12982662987140301305
155438125013749948819390164794975452199
6440522056677931942
8714916925163899853124575826105793350
1137339426236762614319750477206201054854917408
1137412100620062589022811123105823687142129473
694252973977257547760187501606379505850406700973
18732391248205674673366848835248183682
268874595212006116380316490319481199587333154819
34554430276923053588881558684
3640257924663660043810361787421056109
59898457190271188267120004287152680890
14651058537721473864500936973545009177
9906066790488419268
11564780075316167002797285627301298570
15910314851909954021745261755725473557
13313516226453844172616830597
1584306964849143848631040462
16296431437435013828
18139749917421396482
267252963641448080102716973198870080840
33875129245911309491479276346
37966266515823918615531695706620730355
